0
140625001
36849533
0
871372229
0
970977790
0
0
0
0
0
36849533
0
0
0
125000001
0
0
0
0
0
36849533
250000002
0
0
0
0
0
140625001
0
0
0
0
71289063
742744451
0
0
485488895
125000001
935686118
0
0
0
733921533
0
970977790
570312504
0
140625001
0
562500004
281250002
0
0
589592528
0
871372229
0
0
179185049
0
589592528
0
0
281250002
0
0
0
140625001
0
0
0
0
0
250000002
0
0
0
0
0
866960770
0
0
140625001
0
467843059
0
0
0
866960770
535644535
0
970977790
970977790
467843059
0
0
0
562500004
0
0
562500004
0
0
0
147398132
935686118
0
0
0
0
0
0
0
570312504
0
467843059
433480385
0
0
0
140625001
285156252
0
0
0
0
140625001
0
562500004
0
0
0
0
0
0
0
935686118
935686118
147398132
0
866960770
0
941955573
0
0
0
0
0
0
0
0
0
589592528
0
0
0
358370098
0
0
0
467843059
0
142578126
0
0
742744451
0
941955573
742744451
0
0
0
71289063
433480385
485488895
0
0
0
467843059
281250002
0
71289063
883911139
0
0
0
140625001
0
0
0
0
0
883911139
0
0
0
0
0
125000001
0
0
0
0
562500004
935686118
733921533
0
0
883911139
941955573
147398132
0
0
0
433480385
0
0
0
0
433480385
0
733921533
0
570312504
0
0
0
0
0
0
179185049
0
485488895
0
0
0
0
142578126
0
0
0
140625001
0
433480385
0
589592528
433480385
0
0
36849533
871372229
467843059
0
0
0
36849533
535644535
535644535
0
0
0
0
0
0
0
0
0
281250002
0
0
0
0
0
0
0
0
0
0
941955573
0
0
140625001
0
0
0
0
883911139
0
71289063
0
0
570312504
0
0
0
0
0
467843059
0
742744451
0
570312504
970977790
0
570312504
0
0
0
0
0
0
142578126
0
0
0
0
0
0
0
0
0
0
0
935686118
0
0
0
0
0
0
0
0
0
0
0
935686118
0
0
0
570312504
0
0
0
716740196
179185049
0
36849533
0
0
0
0
0
0
0
733921533
0
0
0
467843059
0
0
970977790
935686118
0
0
0
0
485488895
0
0
0
71289063
0
0
179185049
0
716740196
0
0
0
71289063
147398132
0
535644535
71289063
0
0
179185049
294796264
0
0
0
0
0
0
0
0
0
0
0
0
0
0
0
0
0
0
0
142578126
0
871372229
0
0
0
0
358370098
0
0
0
0
0
0
866960770
467843059
0
0
0
535644535
0
0
0
0
0
941955573
0
0
0
970977790
0
0
0
142578126
866960770
467843059
142578126
0
716740196
0
0
0
0
0
0
589592528
281250002
0
0
0
0
716740196
0
866960770
0
0
0
0
285156252
0
71289063
0
0
0
0
742744451
140625001
179185049
0
935686118
0
0
0
0
0
0
0
733921533
570312504
0
0
0
0
0
0
0
883911139
0
733921533
140625001
0
0
570312504
0
871372229
0
140625001
0
0
0
0
36849533
0
358370098
0
71289063
71289063
0
0
0
0
73699066
0
0
0
0
941955573
0
0
0
285156252
0
871372229
871372229
0
0
0
0
0
0
0
0
0
0
0
0
0
0
0
883911139
0
0
73699066
0
0
0
250000002
0
935686118
0
179185049
0
73699066
294796264
0
0
570312504
0
0
0
285156252
0
866960770
36849533
485488895
0
0
0
535644535
0
0
0
0
250000002
0
0
0
125000001
0
0
0
0
36849533
589592528
0
0
179185049
0
0
0
485488895
535644535
0
0
0
0
535644535
0
294796264
0
0
535644535
71289063
179185049
0
0
0
0
866960770
467843059
0
0
0
0
0
0
0
433480385
0
0
0
535644535
125000001
0
485488895
0
0
485488895
0
179185049
140625001
0
0
0
0
0
742744451
0
281250002
0
883911139
0
589592528
0
0
0
281250002
0
0
883911139
125000001
485488895
73699066
0
140625001
0
0
0
0
0
570312504
0
0
142578126
0
0
0
0
0
0
0
0
0
935686118
0
0
125000001
0
0
562500004
0
970977790
0
0
433480385
871372229
0
0
0
0
0
36849533
866960770
0
0
0
535644535
0
0
0
0
733921533
142578126
0
179185049
0
0
0
0
0
0
0
0
0
0
433480385
0
140625001
970977790
0
179185049
935686118
0
0
0
73699066
0
0
0
716740196
941955573
0
0
0
0
140625001
589592528
0
147398132
0
0
733921533
0
0
0
0
0
179185049
0
0
0
0
0
285156252
0
0
0
0
0
0
0
433480385
0
0
0
0
0
0
0
0
0
0
0
125000001
883911139
871372229
0
0
866960770
433480385
0
742744451
0
0
0
562500004
179185049
0
0
0
294796264
0
0
485488895
0
0
0
0
36849533
0
716740196
147398132
589592528
0
0
0
0
941955573
0
0
0
0
0
0
358370098
0
0
73699066
0
0
0
589592528
0
0
941955573
0
0
0
0
0
0
0
0
0
0
0
0
285156252
294796264
147398132
0
0
0
0
0
0
0
294796264
0
0
0
0
0
0
0
0
970977790
0
0
0
0
742744451
0
935686118
125000001
358370098
0
73699066
0
0
485488895
147398132
0
433480385
0
0
742744451
0
0
0
0
294796264
0
0
36849533
871372229
0
0
294796264
0
0
0
0
0
941955573
0
125000001
0
0
125000001
0
0
0
935686118
0
0
142578126
0
562500004
433480385
0
0
0
0
0
0
0
0
0
0
0
570312504
0
0
294796264
0
570312504
0
142578126
0
0
535644535
883911139
866960770
562500004
0
485488895
0
0
0
0
0
0
0
0
0
589592528
0
0
0
0
0
0
0
0
125000001
0
0
935686118
0
358370098
0
535644535
0
0
970977790
0
0
0
0
0
0
0
0
0
0
140625001
0
147398132
0
0
871372229
250000002
0
0
0
0
0
0
866960770
